MIS(304) = 0.909746255968
MIS(259) = 0.2818378444
MIS(421) = 0.504686855817
MIS(583) = 0.810217235997
MIS(784) = 0.250506341362
MIS(405) = 0.618368996675
MIS(758) = 0.908112885195
MIS(477) = 0.982785476038
MIS(511) = 0.755804204157
SDC = 0.90216595044
cannot_be_together: {583, 784}
must-have: 405 or 304 or 421 or 583 or 259
